{ 
  "camera_angle_x": 1.10795,
  "camera_angle_y": 0.870012,
  "fl_x": 517.306,
  "fl_y": 516.469,
  "k1": 0.262383,
  "k2": -0.953104,
  "k3": 0,
  "k4": 0,
  "p1": -0.005358,
  "p2": 0.002628,
  "is_fisheye":  false,
  "cx": 318.643,
  "cy": 255.314,
  "w": 640, 
  "h": 480, 
  "aabb_scale": 16, 
  "frames": [
    {
      "file_path":  "./images/1305031110.479331.png",
      "sharpness": 0.000000,
      "transform_matrix": [
        [
          1.0000000,
          0.0000000,
          0.0000000,
          0.0000000
        ],
        [
          0.0000000,
          1.0000000,
          0.0000000,
          0.0000000
        ],
        [
          0.0000000,
          0.0000000,
          1.0000000,
          0.0000000
        ],
        [
          0.0000000,
          0.0000000,
          0.0000000,
          1.0000000
        ]
      ]
   },
    {
      "file_path":  "./images/1305031110.543408.png",
      "sharpness": 173.271679,
      "transform_matrix": [
        [
          0.9995467,
          0.0156144,
          -0.0257395,
          -0.0192101
        ],
        [
          -0.0155381,
          0.9998743,
          0.0031626,
          0.0019724
        ],
        [
          0.0257856,
          -0.0027612,
          0.9996637,
          -0.0003414
        ],
        [
          0.0000000,
          0.0000000,
          0.0000000,
          1.0000000
        ]
      ]
   },
    {
      "file_path":  "./images/1305031111.079283.png",
      "sharpness": 214.752893,
      "transform_matrix": [
        [
          0.9971583,
          0.0540191,
          -0.0525084,
          -0.0375481
        ],
        [
          -0.0523764,
          0.9981090,
          0.0321735,
          0.0104626
        ],
        [
          0.0541471,
          -0.0293319,
          0.9981021,
          0.0097658
        ],
        [
          0.0000000,
          0.0000000,
          0.0000000,
          1.0000000
        ]
      ]
   },
    {
      "file_path":  "./images/1305031111.811406.png",
      "sharpness": 149.094922,
      "transform_matrix": [
        [
          0.9897519,
          -0.0698019,
          0.1245745,
          0.2293268
        ],
        [
          0.0757553,
          0.9961681,
          -0.0437053,
          0.0087442
        ],
        [
          -0.1210464,
          0.0526946,
          0.9912472,
          -0.0202359
        ],
        [
          0.0000000,
          0.0000000,
          0.0000000,
          1.0000000
        ]
      ]
   },
    {
      "file_path":  "./images/1305031112.343323.png",
      "sharpness": 201.856202,
      "transform_matrix": [
        [
          0.9470582,
          -0.0574364,
          0.3158826,
          0.3898496
        ],
        [
          0.0923269,
          0.9910308,
          -0.0966108,
          0.0118548
        ],
        [
          -0.3075004,
          0.1206605,
          0.9438668,
          -0.0384560
        ],
        [
          0.0000000,
          0.0000000,
          0.0000000,
          1.0000000
        ]
      ]
   },
    {
      "file_path":  "./images/1305031112.511504.png",
      "sharpness": 404.557539,
      "transform_matrix": [
        [
          0.9482663,
          -0.1124331,
          0.2969003,
          0.4354478
        ],
        [
          0.1550971,
          0.9800577,
          -0.1242250,
          0.0179283
        ],
        [
          -0.2770124,
          0.1638467,
          0.9467937,
          -0.0492602
        ],
        [
          0.0000000,
          0.0000000,
          0.0000000,
          1.0000000
        ]
      ]
   },
    {
      "file_path":  "./images/1305031112.679952.png",
      "sharpness": 257.633571,
      "transform_matrix": [
        [
          0.9390927,
          -0.1646936,
          0.3016304,
          0.4759330
        ],
        [
          0.2089242,
          0.9704702,
          -0.1205747,
          0.0263297
        ],
        [
          -0.2728654,
          0.1762487,
          0.9457700,
          -0.0592357
        ],
        [
          0.0000000,
          0.0000000,
          0.0000000,
          1.0000000
        ]
      ]
   },
    {
      "file_path":  "./images/1305031112.811310.png",
      "sharpness": 263.393591,
      "transform_matrix": [
        [
          0.9280050,
          -0.1812167,
          0.3255260,
          0.4697920
        ],
        [
          0.2199965,
          0.9716812,
          -0.0862388,
          0.0283883
        ],
        [
          -0.3006796,
          0.1516447,
          0.9415921,
          -0.0497691
        ],
        [
          0.0000000,
          0.0000000,
          0.0000000,
          1.0000000
        ]
      ]
   },
    {
      "file_path":  "./images/1305031112.911411.png",
      "sharpness": 176.197272,
      "transform_matrix": [
        [
          0.9349926,
          -0.1919825,
          0.2982139,
          0.4635649
        ],
        [
          0.2237673,
          0.9716717,
          -0.0760419,
          0.0326500
        ],
        [
          -0.2751673,
          0.1378291,
          0.9514652,
          -0.0491019
        ],
        [
          0.0000000,
          0.0000000,
          0.0000000,
          1.0000000
        ]
      ]
   },
    {
      "file_path":  "./images/1305031113.311452.png",
      "sharpness": 112.729362,
      "transform_matrix": [
        [
          0.9634647,
          -0.1731854,
          0.2043101,
          0.3513691
        ],
        [
          0.1917824,
          0.9785761,
          -0.0748885,
          0.0145481
        ],
        [
          -0.1869634,
          0.1113355,
          0.9760374,
          -0.0393989
        ],
        [
          0.0000000,
          0.0000000,
          0.0000000,
          1.0000000
        ]
      ]
   },
    {
      "file_path":  "./images/1305031114.779289.png",
      "sharpness": 470.348407,
      "transform_matrix": [
        [
          0.9976465,
          0.0495592,
          -0.0473848,
          -0.0916895
        ],
        [
          -0.0535338,
          0.9947985,
          -0.0866609,
          -0.0326763
        ],
        [
          0.0428434,
          0.0889936,
          0.9951103,
          0.0393795
        ],
        [
          0.0000000,
          0.0000000,
          0.0000000,
          1.0000000
        ]
      ]
   },
    {
      "file_path":  "./images/1305031115.011300.png",
      "sharpness": 173.428165,
      "transform_matrix": [
        [
          0.9969065,
          0.0653113,
          -0.0437263,
          -0.0669328
        ],
        [
          -0.0684021,
          0.9949556,
          -0.0733792,
          -0.0135662
        ],
        [
          0.0387133,
          0.0761431,
          0.9963451,
          0.0380649
        ],
        [
          0.0000000,
          0.0000000,
          0.0000000,
          1.0000000
        ]
      ]
   },
    {
      "file_path":  "./images/1305031116.011379.png",
      "sharpness": 93.185615,
      "transform_matrix": [
        [
          0.9506189,
          -0.2542182,
          0.1780359,
          0.3598821
        ],
        [
          0.2629858,
          0.9644188,
          -0.0271096,
          0.0282282
        ],
        [
          -0.1648094,
          0.0725918,
          0.9836505,
          0.0278697
        ],
        [
          0.0000000,
          0.0000000,
          0.0000000,
          1.0000000
        ]
      ]
   },
    {
      "file_path":  "./images/1305031116.279385.png",
      "sharpness": 92.196732,
      "transform_matrix": [
        [
          0.9026393,
          -0.3187654,
          0.2891899,
          0.4336002
        ],
        [
          0.3155328,
          0.9470744,
          0.0590693,
          0.0366369
        ],
        [
          -0.2927136,
          0.0379307,
          0.9554476,
          0.0297886
        ],
        [
          0.0000000,
          0.0000000,
          0.0000000,
          1.0000000
        ]
      ]
   },
    {
      "file_path":  "./images/1305031116.411333.png",
      "sharpness": 215.993140,
      "transform_matrix": [
        [
          0.8807808,
          -0.3385829,
          0.3310389,
          0.4443874
        ],
        [
          0.3369412,
          0.9393308,
          0.0642524,
          0.0342186
        ],
        [
          -0.3327098,
          0.0549484,
          0.9414271,
          0.0224674
        ],
        [
          0.0000000,
          0.0000000,
          0.0000000,
          1.0000000
        ]
      ]
   },
    {
      "file_path":  "./images/1305031116.579313.png",
      "sharpness": 138.017957,
      "transform_matrix": [
        [
          0.8767508,
          -0.3400030,
          0.3401557,
          0.4234699
        ],
        [
          0.3407113,
          0.9382726,
          0.0596686,
          0.0353374
        ],
        [
          -0.3394463,
          0.0635804,
          0.9384742,
          0.0207712
        ],
        [
          0.0000000,
          0.0000000,
          0.0000000,
          1.0000000
        ]
      ]
   },
    {
      "file_path":  "./images/1305031116.711634.png",
      "sharpness": 139.909885,
      "transform_matrix": [
        [
          0.9129511,
          -0.2717986,
          0.3043778,
          0.3803548
        ],
        [
          0.2754076,
          0.9607981,
          0.0319008,
          0.0347960
        ],
        [
          -0.3011162,
          0.0547041,
          0.9520171,
          0.0238333
        ],
        [
          0.0000000,
          0.0000000,
          0.0000000,
          1.0000000
        ]
      ]
   },
    {
      "file_path":  "./images/1305031116.846089.png",
      "sharpness": 122.708757,
      "transform_matrix": [
        [
          0.9405710,
          -0.1999000,
          0.2745289,
          0.3203262
        ],
        [
          0.2015825,
          0.9792159,
          0.0223748,
          0.0288683
        ],
        [
          -0.2732958,
          0.0342951,
          0.9613185,
          0.0233890
        ],
        [
          0.0000000,
          0.0000000,
          0.0000000,
          1.0000000
        ]
      ]
   },
    {
      "file_path":  "./images/1305031117.011382.png",
      "sharpness": 137.357546,
      "transform_matrix": [
        [
          0.9777213,
          -0.1183055,
          0.1733922,
          0.2432958
        ],
        [
          0.1206992,
          0.9926837,
          -0.0032887,
          0.0284860
        ],
        [
          -0.1717346,
          0.0241437,
          0.9848474,
          0.0325940
        ],
        [
          0.0000000,
          0.0000000,
          0.0000000,
          1.0000000
        ]
      ]
   },
    {
      "file_path":  "./images/1305031120.115232.png",
      "sharpness": 266.702545,
      "transform_matrix": [
        [
          0.9913468,
          -0.1101374,
          0.0714222,
          0.1349309
        ],
        [
          0.1080007,
          0.9935986,
          0.0331309,
          0.1915530
        ],
        [
          -0.0746140,
          -0.0251306,
          0.9968958,
          0.0169696
        ],
        [
          0.0000000,
          0.0000000,
          0.0000000,
          1.0000000
        ]
      ]
   },
    {
      "file_path":  "./images/1305031121.683200.png",
      "sharpness": 439.387996,
      "transform_matrix": [
        [
          0.9955686,
          -0.0770537,
          0.0539066,
          0.1889398
        ],
        [
          0.0832540,
          0.9887514,
          -0.1242558,
          -0.1919471
        ],
        [
          -0.0437259,
          0.1281932,
          0.9907848,
          0.0776235
        ],
        [
          0.0000000,
          0.0000000,
          0.0000000,
          1.0000000
        ]
      ]
   },
    {
      "file_path":  "./images/1305031121.811540.png",
      "sharpness": 464.378105,
      "transform_matrix": [
        [
          0.9943767,
          -0.0901049,
          0.0556424,
          0.1940455
        ],
        [
          0.0958334,
          0.9892200,
          -0.1107239,
          -0.2157737
        ],
        [
          -0.0450658,
          0.1154336,
          0.9922924,
          0.0817933
        ],
        [
          0.0000000,
          0.0000000,
          0.0000000,
          1.0000000
        ]
      ]
   },
    {
      "file_path":  "./images/1305031123.250618.png",
      "sharpness": 76.646471,
      "transform_matrix": [
        [
          0.9972098,
          -0.0629240,
          0.0401644,
          0.1387764
        ],
        [
          0.0630237,
          0.9980113,
          -0.0012206,
          0.1406620
        ],
        [
          -0.0400077,
          0.0037485,
          0.9991924,
          0.0229847
        ],
        [
          0.0000000,
          0.0000000,
          0.0000000,
          1.0000000
        ]
      ]
   },
    {
      "file_path":  "./images/1305031123.451255.png",
      "sharpness": 98.571134,
      "transform_matrix": [
        [
          0.9926187,
          -0.0949660,
          0.0754295,
          0.1393419
        ],
        [
          0.0909194,
          0.9943167,
          0.0553897,
          0.1841645
        ],
        [
          -0.0802610,
          -0.0481228,
          0.9956115,
          0.0277704
        ],
        [
          0.0000000,
          0.0000000,
          0.0000000,
          1.0000000
        ]
      ]
   },
    {
      "file_path":  "./images/1305031123.811608.png",
      "sharpness": 222.012486,
      "transform_matrix": [
        [
          0.9849368,
          -0.1474136,
          0.0903806,
          0.1419302
        ],
        [
          0.1356338,
          0.9828467,
          0.1249637,
          0.2333385
        ],
        [
          -0.1072516,
          -0.1108227,
          0.9880362,
          0.0249085
        ],
        [
          0.0000000,
          0.0000000,
          0.0000000,
          1.0000000
        ]
      ]
   },
    {
      "file_path":  "./images/1305031124.011302.png",
      "sharpness": 74.608210,
      "transform_matrix": [
        [
          0.9854413,
          -0.1528948,
          0.0743548,
          0.1415262
        ],
        [
          0.1452580,
          0.9844176,
          0.0991070,
          0.2292936
        ],
        [
          -0.0883492,
          -0.0868635,
          0.9922949,
          0.0279967
        ],
        [
          0.0000000,
          0.0000000,
          0.0000000,
          1.0000000
        ]
      ]
   },
    {
      "file_path":  "./images/1305031125.379401.png",
      "sharpness": 310.090811,
      "transform_matrix": [
        [
          0.9981859,
          -0.0575145,
          0.0178009,
          0.1895256
        ],
        [
          0.0590769,
          0.9926699,
          -0.1054337,
          -0.1490960
        ],
        [
          -0.0116064,
          0.1062940,
          0.9942670,
          0.0904781
        ],
        [
          0.0000000,
          0.0000000,
          0.0000000,
          1.0000000
        ]
      ]
   },
    {
      "file_path":  "./images/1305031125.679328.png",
      "sharpness": 296.396891,
      "transform_matrix": [
        [
          0.9959418,
          -0.0506941,
          0.0743638,
          0.1816064
        ],
        [
          0.0584111,
          0.9926955,
          -0.1055647,
          -0.1760442
        ],
        [
          -0.0684691,
          0.1094800,
          0.9916280,
          0.0878876
        ],
        [
          0.0000000,
          0.0000000,
          0.0000000,
          1.0000000
        ]
      ]
   },
    {
      "file_path":  "./images/1305031127.247374.png",
      "sharpness": 245.845407,
      "transform_matrix": [
        [
          0.9916840,
          -0.1234605,
          0.0363362,
          0.1733943
        ],
        [
          0.1223778,
          0.9920100,
          0.0306570,
          0.1210660
        ],
        [
          -0.0398308,
          -0.0259553,
          0.9988693,
          0.0513486
        ],
        [
          0.0000000,
          0.0000000,
          0.0000000,
          1.0000000
        ]
      ]
   },
    {
      "file_path":  "./images/1305031128.079334.png",
      "sharpness": 430.813266,
      "transform_matrix": [
        [
          0.9938235,
          -0.1102813,
          0.0123608,
          0.1719318
        ],
        [
          0.1100029,
          0.9937028,
          0.0213102,
          0.0863726
        ],
        [
          -0.0146330,
          -0.0198189,
          0.9996965,
          0.0693975
        ],
        [
          0.0000000,
          0.0000000,
          0.0000000,
          1.0000000
        ]
      ]
   },
    {
      "file_path":  "./images/1305031128.479296.png",
      "sharpness": 462.901330,
      "transform_matrix": [
        [
          0.9944475,
          -0.1047777,
          0.0097908,
          0.1720255
        ],
        [
          0.1046258,
          0.9943998,
          0.0149185,
          0.0792891
        ],
        [
          -0.0112991,
          -0.0138113,
          0.9998408,
          0.0722024
        ],
        [
          0.0000000,
          0.0000000,
          0.0000000,
          1.0000000
        ]
      ]
   },
  ]
 }
